2011
01月   最高气温：[5, 5, 6, 7, 5, 6, 6, 7, 4, 3, 7, 8, 8, 6, 8, 6, 7, 8, 8, 9],最低气温：[2, 3, 4, 3, 3, 4, 3, 4, 1, 1, 4, 5, 5, 4, 4, 3, 4, 4, 4, 5]
02月   最高气温：[11, 12, 13, 12, 14, 14, 14, 13, 12, 11, 10, 8, 11, 12, 10, 11, 11, 11, 13, 14, 15, 15, 16, 22, 22, 21, 21, 16],最低气温：[3, 2, 4, 5, 4, 5, 9, 9, 10, 9, 8, 6, 6, 6, 7, 7, 7, 9, 7, 7, 9, 10, 8, 9, 13, 15, 13, 11]
03月   最高气温：[16, 14, 16, 14, 14, 19, 20, 20, 16, 15, 16, 18, 19, 15, 10, 16, 18, 19, 18, 13, 9, 9, 9, 10, 10, 13, 17, 20, 22, 21, 21],最低气温：[10, 10, 10, 10, 10, 11, 11, 13, 13, 11, 10, 11, 12, 8, 4, 6, 8, 11, 14, 9, 6, 6, 6, 6, 7, 8, 7, 11, 11, 13, 14]
04月   最高气温：[20, 15, 16, 17, 17, 18, 17, 17, 18, 21, 22, 20, 24, 23, 21, 20, 24, 27, 27, 23, 23, 23, 27, 25, 29, 31, 33, 34, 31, 33],最低气温：[15, 13, 13, 13, 12, 13, 13, 14, 13, 12, 16, 14, 14, 17, 17, 16, 16, 16, 18, 18, 16, 17, 17, 18, 17, 17, 19, 21, 22, 22]
05月   最高气温：[33, 20, 24, 27, 31, 34, 36, 36, 35, 26, 26, 26, 24, 21, 23, 30, 33, 36, 38, 37, 23, 18, 23, 22, 27, 32, 33, 36, 33, 25, 24],最低气温：[24, 14, 14, 17, 17, 20, 22, 24, 25, 21, 21, 22, 19, 17, 17, 18, 18, 19, 21, 24, 18, 14, 15, 17, 18, 18, 20, 22, 24, 19, 18]
06月   最高气温：[28, 28, 26, 27, 26, 28, 33, 36, 29, 31, 31, 30, 26, 26, 32, 34, 26, 29, 32, 33, 33, 27, 30, 35, 36, 34, 31, 34, 36, 37],最低气温：[18, 21, 20, 20, 21, 21, 22, 23, 23, 23, 23, 23, 23, 21, 22, 23, 23, 23, 24, 25, 26, 24, 23, 24, 24, 27, 24, 23, 25, 26]
07月   最高气温：[38, 37, 37, 37, 37, 34, 27, 34, 37, 36, 28, 25, 24, 27, 31, 34, 33, 35, 36, 37, 37, 31, 36, 36, 37, 38, 36, 37, 38, 34, 33],最低气温：[28, 29, 29, 28, 29, 25, 23, 23, 25, 27, 23, 21, 21, 21, 22, 24, 24, 24, 24, 25, 27, 24, 25, 24, 27, 28, 26, 26, 29, 25, 25]
08月   最高气温：[27, 31, 31, 25, 24, 32, 34, 36, 37, 38, 38, 39, 39, 39, 40, 40, 41, 42, 42, 40, 39, 31, 31, 35, 36, 36, 37, 38, 38, 40, 39],最低气温：[24, 23, 24, 22, 21, 22, 25, 25, 26, 27, 27, 29, 29, 29, 30, 30, 31, 31, 31, 30, 29, 26, 23, 24, 25, 25, 24, 25, 26, 27, 27]
09月   最高气温：[40, 40, 40, 40, 40, 39, 25, 25, 25, 28, 32, 30, 30, 27, 30, 34, 34, 22, 18, 18, 18, 18, 21, 24, 26, 28, 26, 20, 22, 23],最低气温：[28, 28, 29, 30, 30, 26, 22, 21, 21, 21, 22, 24, 24, 23, 23, 25, 26, 18, 15, 15, 15, 16, 16, 16, 18, 21, 20, 17, 18, 18]
10月   最高气温：[20, 19, 19, 22, 25, 27, 27, 30, 29, 27, 22, 22, 23, 24, 22, 23, 24, 23, 19, 19, 20, 18, 17, 20, 20, 18, 16, 18, 21, 20, 18],最低气温：[18, 16, 16, 17, 16, 17, 18, 20, 21, 22, 20, 20, 19, 16, 18, 17, 16, 17, 16, 15, 16, 16, 15, 16, 16, 16, 14, 12, 12, 14, 15]
11月   最高气温：[18, 17, 18, 19, 21, 20, 21, 21, 19, 22, 23, 19, 17, 16, 15, 15, 16, 19, 21, 21, 20, 20, 21, 21, 22, 20, 20, 20, 20, 13],最低气温：[15, 15, 16, 17, 17, 17, 16, 15, 13, 12, 12, 15, 13, 13, 13, 13, 14, 15, 13, 13, 13, 15, 13, 14, 16, 16, 16, 16, 15, 11]
12月   最高气温：[14, 16, 14, 11, 12, 12, 11, 9, 9, 8, 9, 11, 11, 10, 11, 9, 10, 10, 11, 9, 9, 9, 10, 11, 10, 10, 9, 10, 10, 10, 11],最低气温：[11, 9, 9, 9, 9, 10, 9, 7, 6, 5, 7, 7, 6, 7, 8, 7, 8, 7, 7, 7, 7, 7, 6, 6, 6, 7, 7, 7, 8, 7, 5]

2012
01月   最高气温：[11, 8, 7, 6, 7, 9, 9, 9, 10, 9, 8, 8, 8, 8, 9, 9, 9, 9, 9, 8, 7, 7, 8, 8, 9, 10, 10, 10, 8, 11, 13],最低气温：[6, 6, 5, 4, 5, 5, 5, 6, 7, 7, 6, 6, 6, 6, 6, 6, 7, 7, 7, 6, 4, 4, 5, 5, 4, 5, 6, 6, 6, 5, 5]
02月   最高气温：[11, 9, 12, 14, 12, 10, 9, 11, 8, 10, 11, 12, 11, 10, 10, 10, 9, 9, 10, 13, 13, 13, 13, 13, 11, 9, 8, 12, 11],最低气温：[7, 6, 6, 6, 6, 8, 6, 8, 5, 5, 5, 6, 6, 7, 7, 7, 6, 7, 7, 8, 8, 9, 9, 10, 9, 7, 6, 6, 7]
03月   最高气温：[12, 13, 13, 13, 16, 15, 10, 9, 10, 10, 10, 15, 17, 16, 17, 19, 24, 24, 22, 24, 23, 16, 18, 20, 23, 25, 23, 20, 17, 18, 22],最低气温：[6, 8, 9, 9, 9, 11, 8, 7, 7, 7, 8, 9, 8, 10, 11, 12, 13, 13, 15, 17, 16, 11, 9, 9, 12, 15, 15, 15, 15, 14, 11]
04月   最高气温：[16, 17, 18, 19, 17, 19, 18, 18, 16, 16, 19, 18, 20, 20, 22, 20, 22, 23, 25, 28, 30, 30, 28, 23, 28, 30, 29, 24, 26, 28],最低气温：[17, 16, 15, 14, 16, 14, 15, 15, 17, 17, 14, 15, 14, 14, 16, 16, 16, 16, 16, 14, 17, 17, 20, 17, 16, 18, 18, 19, 19, 19]
05月   最高气温：[25, 23, 24, 27, 27, 32, 28, 27, 29, 30, 31, 22, 23, 25, 24, 29, 27, 27, 31, 33, 26, 20, 20, 20, 21, 27, 27, 23, 24, 30, 27],最低气温：[19, 18, 19, 20, 19, 22, 23, 23, 23, 20, 22, 17, 18, 17, 17, 18, 18, 19, 20, 22, 21, 17, 18, 18, 18, 18, 19, 19, 20, 20, 20]
06月   最高气温：[25, 26, 24, 22, 24, 24, 27, 29, 26, 27, 29, 31, 30, 29, 28, 31, 30, 30, 30, 32, 30, 27, 32, 31, 30, 25, 25, 27, 30, 29],最低气温：[19, 19, 20, 19, 20, 21, 21, 21, 22, 23, 21, 22, 23, 23, 22, 23, 23, 23, 22, 21, 22, 23, 22, 23, 25, 22, 22, 22, 25, 24]
07月   最高气温：[33, 32, 31, 28, 29, 35, 36, 36, 36, 34, 29, 29, 32, 35, 33, 29, 29, 30, 32, 33, 36, 31, 30, 29, 33, 34, 36, 36, 37, 37, 36],最低气温：[24, 25, 25, 25, 24, 24, 26, 28, 27, 27, 25, 24, 23, 25, 25, 25, 24, 24, 25, 27, 26, 26, 23, 25, 25, 25, 26, 26, 26, 26, 28]
08月   最高气温：[36, 35, 36, 36, 35, 33, 36, 36, 37, 38, 38, 39, 38, 38, 39, 39, 40, 38, 37, 35, 30, 30, 28, 30, 32, 34, 34, 36, 34, 31, 27],最低气温：[28, 25, 25, 25, 27, 25, 26, 26, 28, 27, 27, 28, 28, 27, 29, 29, 29, 29, 27, 28, 24, 24, 21, 24, 23, 24, 25, 25, 24, 26, 25]
09月   最高气温：[26, 27, 31, 32, 32, 33, 32, 30, 29, 29, 29, 24, 28, 30, 29, 27, 25, 28, 26, 24, 24, 23, 22, 23, 23, 23, 24, 25, 26, 23],最低气温：[22, 20, 21, 22, 23, 24, 24, 23, 25, 25, 22, 18, 19, 19, 19, 18, 18, 18, 16, 20, 20, 19, 19, 20, 20, 20, 19, 19, 20, 20]
10月   最高气温：[26, 24, 22, 20, 19, 19, 20, 18, 20, 20, 19, 19, 19, 19, 19, 18, 24, 23, 23, 22, 21, 21, 19, 19, 18, 20, 22, 22, 21, 22, 23],最低气温：[19, 19, 18, 16, 17, 17, 17, 16, 16, 18, 17, 17, 16, 16, 17, 16, 15, 16, 17, 18, 18, 16, 17, 16, 14, 15, 16, 17, 18, 16, 15]
11月   最高气温：[24, 23, 19, 21, 17, 14, 14, 14, 15, 18, 16, 18, 20, 17, 14, 16, 20, 19, 17, 17, 18, 15, 12, 12, 10, 11, 11, 11, 11, 11],最低气温：[15, 15, 16, 12, 12, 11, 12, 12, 12, 13, 12, 13, 12, 13, 12, 11, 11, 11, 12, 14, 13, 11, 9, 10, 8, 7, 7, 7, 8, 8]
12月   最高气温：[11, 15, 15, 14, 14, 16, 15, 11, 11, 12, 12, 14, 12, 13, 14, 14, 11, 10, 10, 8, 8, 9, 13, 13, 8, 8, 10, 9, 7, 8, 10],最低气温：[9, 7, 7, 8, 6, 7, 7, 9, 9, 9, 9, 9, 10, 10, 9, 7, 9, 7, 7, 6, 6, 6, 5, 5, 4, 6, 5, 4, 2, 2, 2]

2013
01月   最高气温：[11, 8, 6, 5, 5, 7, 8, 7, 10, 8, 8, 12, 14, 11, 10, 10, 10, 13, 13, 11, 11, 11, 13, 14, 12, 16, 17, 15, 15, 13, 16],最低气温：[3, 5, 3, 4, 3, 4, 5, 3, 4, 4, 4, 5, 4, 4, 7, 6, 6, 7, 7, 8, 9, 6, 7, 6, 7, 6, 6, 9, 7, 9, 9]
02月   最高气温：[17, 14, 16, 16, 18, 20, 16, 10, 9, 13, 11, 11, 13, 11, 13, 17, 17, 13, 11, 11, 12, 14, 16, 18, 15, 16, 21, 20],最低气温：[9, 10, 13, 12, 10, 12, 13, 7, 5, 5, 8, 8, 8, 8, 8, 6, 9, 8, 8, 8, 8, 8, 8, 9, 12, 12, 9, 11]
03月   最高气温：[16, 15, 15, 19, 21, 20, 25, 26, 25, 24, 24, 24, 24, 23, 21, 21, 23, 25, 21, 23, 25, 23, 22, 25, 20, 21, 24, 24, 25, 25, 22],最低气温：[11, 9, 8, 9, 10, 11, 11, 13, 16, 16, 15, 16, 15, 13, 16, 16, 17, 14, 15, 14, 15, 17, 15, 13, 15, 13, 14, 15, 15, 15, 16]
04月   最高气温：[25, 24, 24, 22, 18, 19, 21, 23, 19, 17, 20, 20, 22, 26, 24, 28, 30, 29, 27, 26, 26, 26, 28, 27, 26, 31, 32, 32, 29, 26],最低气温：[15, 17, 17, 16, 13, 9, 12, 13, 14, 13, 14, 13, 14, 13, 17, 18, 18, 19, 21, 19, 17, 18, 18, 19, 20, 16, 19, 18, 21, 17]
05月   最高气温：[24, 23, 25, 23, 25, 24, 26, 24, 24, 26, 31, 33, 31, 26, 25, 25, 23, 24, 28, 30, 32, 35, 34, 32, 24, 32, 35, 32, 30, 23, 23],最低气温：[18, 18, 17, 17, 20, 19, 19, 18, 18, 17, 18, 20, 20, 19, 19, 20, 19, 18, 19, 20, 20, 21, 22, 24, 21, 21, 22, 22, 18, 17, 18]
06月   最高气温：[26, 33, 34, 35, 33, 28, 32, 32, 23, 28, 33, 34, 34, 35, 36, 38, 38, 38, 38, 39, 37, 34, 30, 29, 28, 30, 32, 35, 37, 34],最低气温：[19, 20, 22, 21, 24, 23, 22, 22, 21, 19, 20, 21, 22, 24, 25, 25, 26, 27, 29, 29, 30, 26, 24, 24, 24, 22, 23, 24, 26, 27]
07月   最高气温：[33, 34, 38, 37, 33, 33, 36, 36, 36, 36, 36, 37, 38, 39, 39, 37, 36, 33, 30, 31, 35, 35, 37, 36, 39, 40, 39, 39, 37, 38, 39],最低气温：[26, 26, 27, 28, 25, 25, 25, 27, 28, 28, 27, 27, 28, 28, 28, 27, 28, 26, 26, 25, 26, 27, 28, 26, 28, 28, 28, 29, 27, 27, 26]
08月   最高气温：[36, 32, 34, 36, 36, 40, 39, 37, 37, 37, 37, 38, 35, 38, 37, 37, 38, 38, 36, 34, 34, 37, 37, 35, 33, 36, 38, 36, 34, 26, 25],最低气温：[27, 25, 25, 26, 27, 29, 29, 28, 25, 27, 27, 28, 24, 27, 28, 28, 28, 26, 26, 25, 26, 25, 27, 25, 25, 25, 27, 26, 23, 23, 21]
09月   最高气温：[29, 25, 21, 22, 21, 20, 25, 22, 22, 24, 24, 23, 30, 32, 34, 34, 32, 34, 36, 33, 32, 33, 30, 28, 23, 23, 22, 27, 29, 32],最低气温：[22, 20, 19, 20, 18, 18, 19, 19, 19, 21, 20, 20, 20, 21, 23, 24, 24, 25, 24, 23, 23, 23, 23, 19, 20, 18, 17, 16, 18, 19]
10月   最高气温：[28, 24, 23, 22, 22, 25, 29, 30, 31, 30, 32, 31, 31, 31, 23, 16, 16, 17, 18, 18, 17, 20, 23, 26, 26, 24, 22, 19, 17, 17, 20],最低气温：[18, 19, 20, 18, 19, 18, 17, 19, 19, 19, 19, 20, 19, 19, 14, 14, 13, 13, 15, 16, 15, 15, 15, 14, 15, 15, 17, 16, 15, 14, 15]
11月   最高气温：[17, 19, 18, 19, 18, 21, 20, 19, 19, 17, 16, 14, 15, 15, 17, 19, 19, 18, 20, 17, 18, 17, 14, 14, 16, 14, 12, 15, 16, 14],最低气温：[15, 15, 15, 15, 15, 14, 15, 16, 15, 14, 13, 12, 13, 12, 13, 13, 12, 12, 13, 13, 14, 13, 10, 7, 8, 9, 9, 9, 8, 9]
12月   最高气温：[17, 18, 17, 17, 16, 17, 17, 13, 11, 11, 11, 11, 13, 11, 9, 12, 14, 13, 11, 10, 10, 10, 9, 10, 11, 8, 8, 8, 8, 10, 10],最低气温：[8, 8, 10, 9, 10, 9, 9, 11, 8, 9, 8, 8, 8, 8, 7, 7, 6, 6, 5, 6, 6, 6, 4, 7, 6, 6, 6, 6, 6, 5, 5]

2014
01月   最高气温：[10, 8, 9, 13, 10, 8, 8, 9, 8, 8, 9, 8, 9, 12, 10, 9, 11, 13, 9, 13, 13, 16, 15, 15, 14, 14, 15, 10, 17, 17, 15],最低气温：[4, 6, 5, 5, 6, 6, 6, 6, 6, 6, 6, 6, 6, 5, 6, 7, 6, 5, 6, 6, 4, 4, 5, 7, 8, 10, 9, 8, 8, 5, 9]
02月   最高气温：[15, 16, 16, 15, 14, 12, 10, 7, 6, 7, 7, 6, 9, 10, 10, 9, 9, 9, 13, 15, 14, 13, 13, 13, 14, 14, 13, 12],最低气温：[9, 10, 10, 8, 11, 10, 8, 4, 4, 4, 3, 4, 4, 4, 5, 6, 6, 5, 4, 5, 7, 9, 10, 10, 9, 8, 11, 11]
03月   最高气温：[13, 13, 13, 16, 14, 13, 14, 17, 17, 20, 20, 18, 15, 15, 18, 23, 23, 22, 25, 22, 15, 15, 14, 17, 18, 22, 22, 24, 24, 21, 17],最低气温：[11, 10, 9, 9, 9, 10, 11, 10, 10, 10, 11, 14, 13, 10, 10, 10, 12, 16, 16, 13, 10, 11, 11, 12, 11, 11, 15, 15, 13, 15, 15]
04月   最高气温：[16, 19, 22, 21, 19, 21, 23, 25, 23, 22, 21, 24, 29, 26, 27, 27, 29, 27, 27, 24, 20, 23, 24, 21, 21, 21, 22, 23, 22, 28],最低气温：[14, 14, 14, 15, 16, 14, 14, 16, 17, 18, 19, 19, 18, 18, 20, 21, 21, 22, 20, 17, 17, 15, 17, 18, 18, 17, 13, 16, 15, 15]
05月   最高气温：[29, 26, 18, 22, 24, 27, 29, 24, 23, 21, 26, 25, 23, 24, 22, 23, 23, 26, 27, 30, 23, 26, 26, 24, 26, 24, 27, 27, 25, 27, 26],最低气温：[17, 17, 16, 15, 15, 18, 17, 18, 19, 19, 16, 18, 19, 19, 17, 18, 17, 20, 20, 20, 20, 19, 20, 21, 21, 19, 17, 20, 20, 21, 22]
06月   最高气温：[31, 33, 31, 29, 27, 28, 31, 26, 24, 27, 30, 24, 22, 23, 26, 33, 35, 33, 25, 22, 27, 25, 25, 24, 25, 27, 28, 26, 23, 24],最低气温：[22, 23, 24, 23, 23, 23, 21, 23, 21, 21, 21, 21, 20, 20, 20, 22, 23, 24, 23, 20, 20, 21, 21, 22, 22, 22, 23, 24, 22, 21]
07月   最高气温：[27, 27, 31, 34, 36, 35, 36, 38, 34, 30, 28, 28, 30, 31, 29, 30, 34, 35, 36, 35, 36, 38, 38, 34, 35, 37, 36, 38, 38, 38, 36],最低气温：[19, 22, 21, 22, 24, 26, 26, 27, 28, 25, 22, 23, 23, 24, 24, 22, 24, 24, 26, 27, 27, 28, 28, 28, 25, 26, 26, 28, 29, 28, 29]
08月   最高气温：[37, 35, 37, 38, 39, 39, 39, 39, 33, 29, 27, 24, 29, 34, 33, 27, 27, 30, 34, 34, 34, 29, 24, 26, 28, 26, 25, 26, 31, 33, 30],最低气温：[29, 26, 27, 28, 28, 27, 29, 29, 27, 25, 23, 21, 21, 23, 23, 24, 24, 24, 24, 23, 24, 24, 21, 20, 23, 23, 21, 21, 22, 24, 25]
09月   最高气温：[29, 24, 30, 26, 29, 32, 33, 34, 34, 35, 33, 32, 31, 29, 26, 25, 26, 22, 25, 29, 32, 31, 30, 24, 26, 24, 25, 25, 26, 29],最低气温：[23, 21, 20, 22, 22, 23, 24, 24, 25, 25, 26, 26, 25, 24, 22, 21, 21, 19, 19, 18, 20, 20, 20, 19, 20, 20, 21, 20, 20, 21]
10月   最高气温：[25, 28, 28, 24, 27, 30, 30, 29, 28, 29, 28, 23, 20, 21, 20, 18, 17, 19, 19, 21, 25, 26, 23, 24, 26, 26, 23, 22, 21, 21, 20],最低气温：[22, 19, 19, 20, 18, 19, 18, 18, 20, 20, 20, 17, 15, 15, 15, 16, 15, 16, 17, 16, 17, 15, 17, 17, 16, 18, 19, 18, 18, 17, 17]
11月   最高气温：[19, 15, 16, 17, 17, 16, 15, 18, 18, 18, 16, 14, 15, 18, 15, 15, 14, 16, 17, 16, 15, 14, 14, 13, 16, 16, 16, 16, 15, 14],最低气温：[15, 13, 12, 10, 12, 13, 12, 12, 12, 12, 12, 12, 12, 8, 12, 12, 12, 11, 10, 10, 11, 12, 12, 12, 11, 10, 13, 12, 12, 12]
12月   最高气温：[13, 14, 11, 12, 15, 12, 12, 15, 12, 9, 8, 9, 10, 10, 8, 8, 10, 9, 12, 11, 9, 11, 11, 11, 9, 10, 10, 12, 15, 13, 12],最低气温：[11, 11, 9, 10, 10, 9, 9, 10, 9, 7, 5, 5, 6, 6, 6, 5, 4, 6, 4, 5, 6, 4, 6, 5, 7, 8, 7, 6, 5, 5, 6]

2015
01月   最高气温：[10, 9, 12, 12, 9, 9, 11, 10, 10, 12, 12, 14, 15, 13, 12, 13, 13, 12, 14, 14, 16, 16, 15, 14, 14, 14, 13, 11, 9, 8, 8],最低气温：[7, 7, 8, 8, 7, 5, 5, 8, 6, 7, 7, 7, 5, 6, 9, 8, 9, 9, 8, 8, 7, 7, 8, 11, 11, 12, 11, 9, 6, 6, 6]
02月   最高气温：[8, 12, 11, 11, 11, 13, 12, 11, 12, 12, 15, 18, 15, 14, 18, 19, 20, 17, 18, 19, 18, 17, 17, 18, 16, 16, 14, 14],最低气温：[5, 6, 7, 6, 7, 5, 7, 8, 7, 7, 7, 6, 10, 10, 11, 11, 11, 12, 14, 13, 12, 13, 10, 10, 11, 12, 11, 8]
03月   最高气温：[13, 13, 13, 12, 12, 13, 17, 19, 20, 15, 17, 22, 20, 17, 20, 22, 21, 22, 20, 19, 22, 21, 23, 23, 25, 23, 23, 24, 25, 29, 30],最低气温：[8, 8, 9, 8, 8, 8, 9, 10, 9, 12, 12, 9, 14, 14, 13, 13, 16, 17, 16, 15, 13, 15, 17, 16, 15, 16, 18, 16, 17, 16, 20]
04月   最高气温：[32, 30, 30, 30, 27, 17, 15, 16, 17, 19, 24, 25, 24, 27, 29, 30, 27, 27, 22, 24, 25, 22, 19, 21, 25, 27, 28, 30, 34, 32],最低气温：[21, 24, 20, 22, 16, 14, 12, 12, 13, 13, 14, 14, 14, 13, 17, 16, 19, 21, 16, 15, 17, 16, 15, 15, 16, 18, 18, 19, 21, 23]
05月   最高气温：[27, 28, 23, 21, 23, 29, 29, 24, 24, 24, 24, 24, 27, 31, 30, 25, 26, 23, 30, 32, 34, 30, 29, 24, 27, 25, 25, 27, 25, 23, 30],最低气温：[20, 16, 19, 18, 18, 17, 19, 17, 17, 17, 17, 17, 20, 22, 21, 20, 20, 20, 21, 21, 23, 22, 22, 18, 19, 21, 18, 22, 21, 21, 21]
06月   最高气温：[29, 29, 26, 24, 30, 24, 23, 25, 29, 32, 34, 33, 26, 26, 27, 25, 25, 29, 31, 28, 29, 30, 34, 30, 31, 35, 37, 38, 36, 28],最低气温：[22, 23, 22, 20, 21, 19, 21, 20, 22, 23, 24, 23, 20, 22, 23, 23, 22, 22, 23, 23, 23, 24, 25, 24, 24, 28, 28, 28, 27, 25]
07月   最高气温：[31, 29, 25, 24, 26, 31, 34, 34, 34, 35, 35, 36, 37, 30, 31, 33, 35, 35, 36, 36, 36, 30, 33, 35, 37, 37, 35, 36, 36, 36, 37],最低气温：[25, 22, 22, 20, 20, 21, 22, 23, 23, 24, 24, 26, 23, 23, 24, 23, 24, 25, 25, 26, 24, 24, 24, 25, 25, 27, 26, 26, 26, 26, 26]
08月   最高气温：[37, 37, 38, 35, 34, 34, 34, 31, 29, 30, 29, 31, 34, 35, 34, 33, 30, 25, 25, 27, 32, 33, 33, 31, 29, 31, 27, 29, 31, 32, 32],最低气温：[26, 27, 27, 26, 25, 24, 24, 24, 23, 24, 24, 25, 25, 25, 27, 23, 21, 20, 21, 20, 23, 24, 24, 22, 22, 24, 22, 22, 23, 24, 25]
09月   最高气温：[33, 34, 34, 32, 28, 30, 34, 32, 31, 30, 27, 26, 24, 27, 29, 28, 24, 22, 22, 25, 27, 23, 27, 24, 23, 24, 23, 24, 26, 26],最低气温：[25, 25, 25, 24, 24, 23, 23, 24, 24, 22, 21, 20, 19, 22, 22, 21, 19, 19, 19, 20, 22, 19, 20, 19, 20, 20, 20, 22, 21, 20]
10月   最高气温：[23, 25, 21, 20, 24, 23, 25, 22, 23, 25, 26, 27, 27, 28, 27, 29, 25, 24, 25, 28, 29, 28, 25, 25, 25, 20, 19, 19, 19, 19, 17],最低气温：[16, 18, 17, 18, 19, 19, 18, 16, 18, 18, 17, 17, 18, 17, 18, 18, 18, 17, 19, 19, 19, 20, 19, 19, 19, 14, 14, 15, 15, 14, 13]
11月   最高气温：[19, 20, 20, 20, 19, 18, 19, 20, 21, 17, 18, 15, 19, 20, 18, 18, 17, 19, 17, 21, 21, 22, 20, 16, 16, 15, 14, 13, 16, 14],最低气温：[12, 16, 16, 17, 16, 16, 14, 14, 14, 15, 14, 13, 14, 16, 14, 14, 15, 17, 13, 15, 16, 16, 16, 13, 11, 10, 10, 11, 10, 11]
12月   最高气温：[14, 14, 13, 11, 14, 15, 16, 14, 16, 15, 14, 12, 11, 9, 9, 11, 12, 8, 8, 10, 10, 10, 10, 10, 11, 12, 13, 11, 10, 11, 13],最低气温：[11, 11, 10, 9, 10, 10, 9, 9, 11, 11, 10, 9, 9, 6, 5, 5, 7, 5, 5, 7, 6, 7, 6, 6, 7, 5, 6, 8, 7, 8, 8]

2016
01月   最高气温：[12, 14, 13, 14, 16, 12, 11, 11, 10, 9, 11, 10, 11, 10, 12, 11, 13, 13, 12, 8, 8, 6, 4, 4, 6, 7, 8, 9, 10, 12, 8],最低气温：[8, 8, 8, 8, 10, 8, 8, 8, 7, 7, 8, 7, 8, 7, 8, 7, 7, 8, 7, 7, 5, 3, 0, 1, 2, 3, 4, 5, 6, 7, 5]
02月   最高气温：[7, 9, 8, 9, 11, 11, 16, 16, 15, 15, 16, 16, 11, 6, 7, 10, 12, 14, 13, 14, 12, 12, 11, 12, 14, 17, 21, 22, 24],最低气温：[5, 5, 5, 4, 6, 4, 6, 7, 10, 9, 10, 8, 5, 4, 5, 6, 5, 7, 7, 9, 7, 8, 8, 7, 7, 8, 9, 9, 12]
03月   最高气温：[22, 24, 22, 23, 24, 25, 22, 20, 13, 11, 15, 16, 15, 16, 17, 19, 19, 24, 24, 21, 17, 18, 15, 15, 20, 21, 22, 19, 18, 20, 21],最低气温：[13, 13, 13, 13, 14, 15, 18, 14, 8, 8, 9, 10, 11, 12, 12, 14, 13, 14, 15, 14, 15, 13, 11, 10, 11, 11, 14, 12, 13, 12, 14]
04月   最高气温：[23, 23, 27, 27, 24, 18, 25, 21, 21, 25, 26, 24, 23, 21, 22, 26, 22, 26, 26, 23, 22, 18, 23, 20, 20, 23, 27, 28, 26, 25],最低气温：[17, 14, 17, 19, 18, 15, 17, 17, 16, 17, 18, 17, 17, 17, 15, 16, 14, 15, 18, 16, 17, 16, 16, 17, 17, 14, 17, 19, 20, 19]
05月   最高气温：[28, 30, 32, 33, 33, 32, 25, 22, 28, 31, 33, 32, 29, 21, 24, 28, 26, 26, 24, 29, 28, 24, 23, 29, 26, 21, 20, 22, 27, 29, 30],最低气温：[20, 21, 20, 21, 23, 22, 18, 18, 17, 19, 20, 20, 19, 16, 16, 17, 19, 20, 18, 18, 20, 19, 19, 19, 18, 17, 17, 17, 20, 22, 23]
06月   最高气温：[30, 29, 25, 30, 34, 34, 32, 33, 30, 26, 25, 30, 33, 32, 24, 32, 35, 35, 32, 30, 34, 34, 27, 27, 22, 25, 26, 33, 26],最低气温：[24, 22, 19, 20, 24, 24, 22, 23, 21, 21, 21, 22, 23, 24, 20, 22, 24, 24, 23, 24, 25, 26, 23, 21, 20, 20, 22, 23, 22]
07月   最高气温：[30, 32, 32, 33, 34, 33, 36, 37, 38, 35, 37, 36, 34, 28, 30, 35, 34, 34, 30, 36, 38, 38, 37, 39, 38, 39, 36, 34, 36, 37, 36],最低气温：[23, 24, 25, 24, 24, 26, 27, 28, 28, 27, 27, 29, 27, 23, 22, 25, 25, 25, 25, 25, 29, 29, 28, 28, 28, 28, 26, 26, 26, 27, 28]
08月   最高气温：[33, 35, 34, 32, 31, 32, 32, 34, 33, 34, 36, 37, 36, 38, 38, 37, 40, 39, 39, 39, 39, 38, 39, 40, 40, 32, 29, 29, 28, 22, 23],最低气温：[26, 26, 25, 25, 26, 24, 23, 25, 25, 26, 27, 27, 27, 27, 27, 29, 28, 29, 30, 29, 30, 28, 30, 30, 27, 25, 24, 23, 21, 19, 20]
09月   最高气温：[30, 32, 31, 26, 25, 23, 28, 22, 23, 30, 32, 33, 33, 29, 25, 30, 30, 28, 23, 23, 26, 28, 27, 23, 25, 24, 24, 26, 25, 28],最低气温：[21, 22, 25, 23, 21, 20, 21, 20, 20, 20, 21, 23, 24, 22, 20, 20, 21, 21, 19, 19, 19, 20, 21, 20, 20, 21, 20, 21, 20, 20]
10月   最高气温：[29, 32, 33, 33, 30, 30, 25, 22, 20, 18, 18, 18, 18, 19, 19, 21, 23, 24, 26, 26, 27, 27, 25, 22, 23, 21, 20, 14, 14, 15, 16],最低气温：[21, 21, 22, 21, 21, 21, 20, 20, 17, 15, 16, 16, 16, 16, 16, 17, 17, 18, 19, 20, 20, 21, 22, 19, 18, 18, 15, 11, 11, 12, 13]
11月   最高气温：[17, 19, 20, 22, 21, 19, 15, 11, 12, 17, 18, 16, 16, 16, 18, 19, 20, 21, 16, 20, 21, 16, 10, 10, 10, 14, 15, 14, 13, 15],最低气温：[14, 15, 14, 13, 17, 14, 11, 9, 9, 10, 10, 13, 14, 14, 14, 16, 16, 15, 0, 15, 15, 7, 8, 8, 8, 7, 8, 10, 10, 9]
12月   最高气温：[15, 13, 12, 15, 15, 15, 15, 18, 17, 13, 14, 13, 14, 13, 11, 13, 14, 14, 13, 12, 12, 14, 12, 9, 12, 10, 11, 14, 14, 14, 13],最低气温：[7, 10, 8, 8, 7, 8, 10, 9, 10, 11, 11, 11, 11, 10, 9, 8, 8, 10, 11, 10, 8, 8, 9, 0, 9, 7, 7, 6, 8, 10, 10]

2017
01月   最高气温：[13, 13, 14, 13, 14, 14, 14, 13, 12, 11, 7, 9, 10, 10, 12, 9, 12, 12, 11, 12, 13, 16, 13, 12, 15, 13, 13, 12, 14, 13, 11],最低气温：[10, 10, 8, 11, 11, 10, 9, 11, 10, 9, 5, 6, 5, 6, 7, 7, 6, 8, 8, 7, 6, 6, 9, 7, 6, 10, 10, 9, 9, 7, 8]
02月   最高气温：[10, 10, 12, 15, 15, 13, 10, 10, 13, 9, 11, 13, 13, 12, 14, 17, 16, 17, 19, 16, 13, 8, 9, 10, 11, 14, 14, 16],最低气温：[8, 8, 7, 6, 7, 10, 7, 4, 7, 7, 4, 4, 6, 9, 7, 8, 11, 12, 12, 13, 8, 5, 6, 6, 5, 5, 9, 8]
03月   最高气温：[19, 16, 14, 13, 13, 12, 15, 13, 13, 15, 14, 12, 14, 12, 16, 15, 17, 20, 20, 16, 21, 20, 13, 14, 20, 22, 23, 20, 15, 22],最低气温：[9, 10, 11, 11, 10, 9, 11, 10, 11, 12, 12, 10, 8, 7, 10, 12, 11, 13, 12, 12, 11, 13, 11, 9, 9, 13, 13, 16, 14, 13]
04月   最高气温：[26, 24, 22, 22, 21, 26, 25, 25, 21, 16, 21, 23, 27, 29, 28, 21, 24, 29, 30, 17, 21, 26, 27, 26, 19, 19, 18, 22, 26, 25],最低气温：[14, 17, 17, 17, 16, 14, 18, 19, 16, 14, 15, 13, 14, 18, 18, 17, 16, 16, 16, 14, 15, 15, 18, 19, 17, 16, 15, 15, 16, 18]
05月   最高气温：[30, 28, 22, 27, 20, 17, 18, 25, 28, 24, 24, 30, 32, 25, 29, 30, 31, 29, 30, 31, 26, 23, 25, 21, 28, 30, 32, 33, 31, 26, 26],最低气温：[19, 20, 17, 16, 17, 14, 14, 15, 15, 18, 18, 18, 18, 19, 19, 19, 21, 23, 23, 23, 21, 19, 20, 18, 17, 18, 21, 23, 24, 22, 22]
06月   最高气温：[28, 32, 28, 23, 28, 32, 34, 31, 30, 27, 28, 28, 24, 24, 21, 25, 29, 26, 26, 31, 34, 30, 29, 28, 28, 26, 31, 33, 31, 32],最低气温：[22, 21, 24, 20, 21, 21, 22, 24, 22, 22, 23, 22, 22, 20, 19, 19, 20, 21, 22, 22, 23, 23, 24, 24, 23, 20, 20, 23, 23, 23]
07月   最高气温：[33, 35, 35, 35, 35, 28, 29, 30, 31, 35, 37, 37, 37, 32, 33, 36, 37, 37, 35, 36, 37, 39, 38, 39, 38, 39, 41, 40, 39, 35, 38],最低气温：[23, 25, 25, 25, 27, 24, 24, 24, 24, 24, 26, 26, 25, 24, 25, 27, 27, 27, 28, 28, 27, 29, 29, 29, 27, 29, 31, 30, 31, 28, 29]
08月   最高气温：[39, 38, 39, 39, 38, 39, 40, 28, 34, 37, 31, 26, 31, 35, 36, 36, 38, 38, 38, 38, 40, 40, 37, 35, 34, 36, 38, 37, 34, 33, 31],最低气温：[29, 30, 28, 28, 29, 28, 25, 23, 24, 26, 25, 22, 22, 25, 27, 27, 28, 28, 28, 29, 30, 30, 30, 26, 25, 26, 27, 27, 27, 26, 23]
09月   最高气温：[24, 25, 27, 26, 23, 26, 30, 30, 26, 26, 31, 31, 32, 32, 30, 33, 32, 26, 26, 24, 26, 27, 27, 28, 28, 30, 24, 22, 23, 24],最低气温：[20, 21, 22, 21, 20, 21, 21, 23, 22, 21, 20, 21, 21, 24, 23, 24, 25, 21, 21, 20, 21, 22, 22, 21, 22, 22, 19, 19, 20, 19]
10月   最高气温：[23, 25, 23, 19, 20, 23, 28, 30, 30, 18, 16, 17, 17, 18, 19, 20, 19, 18, 22, 22, 20, 17, 19, 20, 19, 15, 15, 17, 17, 22, 23],最低气温：[20, 20, 20, 17, 16, 18, 19, 20, 20, 14, 13, 15, 15, 16, 16, 17, 15, 15, 16, 17, 18, 16, 15, 15, 16, 0, 0, 0, 0, 15, 14]
11月   最高气温：[22, 21, 22, 24, 22, 22, 23, 25, 23, 18, 15, 16, 17, 18, 19, 19, 17, 15, 11, 11, 11, 12, 9, 13, 16, 16, 14, 14, 13, 13],最低气温：[16, 14, 13, 14, 14, 13, 14, 15, 15, 13, 9, 12, 13, 14, 13, 16, 15, 12, 9, 9, 9, 10, 8, 8, 8, 8, 10, 11, 9, 9]
12月   最高气温：[14, 15, 13, 12, 13, 11, 12, 11, 15, 13, 13, 11, 10, 11, 9, 11, 10, 10, 12, 13, 11, 8, 12, 12, 13, 11, 10, 11, 9, 11, 11],最低气温：[11, 10, 10, 8, 9, 9, 9, 9, 7, 8, 9, 9, 7, 7, 8, 6, 6, 6, 4, 5, 2, 4, 7, 4, 4, 6, 6, 5, 7, 4, 3]

2018
01月   最高气温：[11, 9, 9, 7, 8, 7, 5, 8, 11, 12, 11, 10, 8, 13, 10, 12, 10, 10, 10, 10, 11, 11, 11, 11, 6, 5, 4, 6, 8, 5, 8],最低气温：[7, 8, 7, 4, 5, 2, 3, 2, 2, 2, 2, 3, 7, 4, 4, 4, 3, 7, 7, 5, 5, 5, 7, 8, 2, 1, 0, 2, 3, 1, 1]
02月   最高气温：[6, 9, 10, 6, 7, 10, 11, 12, 9, 7, 7, 7, 11, 12, 12, 17, 13, 12, 11, 13, 11, 9, 13, 15, 19, 15, 15, 18],最低气温：[0, 4, 4, 3, 3, 3, 5, 4, 4, 4, 4, 4, 4, 6, 7, 5, 8, 6, 8, 8, 8, 5, 6, 7, 8, 8, 8, 9]
03月   最高气温：[21, 21, 22, 18, 14, 13, 13, 19, 23, 18, 16, 17, 20, 22, 25, 26, 25, 19, 17, 20, 20, 23, 20, 17, 20, 22, 20, 18, 22, 23, 20],最低气温：[11, 13, 13, 13, 12, 11, 8, 7, 9, 12, 12, 11, 13, 12, 12, 13, 14, 13, 10, 9, 12, 12, 14, 12, 13, 13, 15, 15, 15, 15, 15]
04月   最高气温：[23, 28, 32, 29, 23, 19, 21, 24, 29, 29, 27, 26, 22, 14, 18, 23, 29, 32, 30, 25, 26, 24, 22, 20, 20, 25, 26, 26, 29, 31],最低气温：[16, 14, 16, 19, 14, 11, 9, 11, 14, 18, 19, 21, 13, 11, 11, 12, 14, 17, 21, 19, 19, 19, 18, 17, 16, 15, 16, 18, 18, 21]
05月   最高气温：[24, 26, 23, 28, 25, 24, 28, 29, 24, 21, 20, 28, 31, 32, 34, 34, 29, 29, 29, 31, 32, 27, 22, 23, 26, 23, 21, 26, 24, 22, 24],最低气温：[20, 21, 19, 20, 19, 15, 16, 18, 17, 18, 17, 17, 17, 21, 22, 23, 20, 23, 22, 22, 22, 16, 14, 19, 19, 20, 18, 18, 19, 18, 19]
06月   最高气温：[24, 27, 25, 27, 31, 33, 34, 26, 29, 31, 30, 25, 26, 29, 25, 25, 25, 25, 29, 26, 26, 26, 34, 29, 36, 36, 36, 37, 35, 32],最低气温：[18, 20, 19, 19, 20, 20, 22, 22, 20, 19, 23, 20, 21, 22, 22, 21, 20, 20, 24, 23, 22, 24, 23, 24, 25, 25, 26, 27, 25, 28]
07月   最高气温：[33, 33, 28, 27, 30, 27, 30, 33, 34, 35, 33, 34, 35, 36, 37, 36, 38, 40, 40, 39, 38, 39, 39, 40, 37, 37, 38, 38, 39, 33, 33],最低气温：[25, 25, 24, 24, 26, 24, 25, 25, 26, 25, 27, 27, 27, 25, 27, 27, 27, 28, 28, 29, 30, 29, 29, 28, 28, 27, 27, 29, 28, 27, 26]
08月   最高气温：[33, 33, 34, 35, 33, 31, 33, 30, 34, 36, 35, 30, 37, 33, 31, 36, 33, 33, 35, 38, 38, 29, 34, 34, 35, 35, 36, 37, 37, 36, 36],最低气温：[24, 24, 23, 25, 24, 25, 24, 24, 25, 24, 25, 25, 25, 24, 26, 25, 25, 24, 24, 27, 26, 25, 25, 24, 24, 25, 25, 28, 27, 27, 26]
09月   最高气温：[37, 38, 37, 37, 39, 34, 22, 24, 27, 21, 20, 20, 25, 24, 25, 25, 23, 25, 32, 25, 23, 24, 27, 23, 23, 21, 21, 21, 25, 23],最低气温：[28, 30, 29, 30, 28, 21, 19, 18, 20, 18, 18, 18, 20, 19, 21, 21, 20, 21, 22, 21, 20, 20, 21, 19, 20, 18, 17, 17, 18, 21]
10月   最高气温：[20, 17, 18, 21, 22, 19, 19, 19, 18, 23, 23, 21, 18, 17, 19, 19, 23, 19, 16, 17, 17, 18, 18, 19, 18, 19, 18, 19, 20, 20, 25],最低气温：[18, 16, 16, 16, 16, 18, 16, 16, 16, 14, 15, 17, 14, 13, 13, 15, 16, 15, 14, 15, 15, 16, 16, 15, 11, 16, 16, 16, 15, 17, 14]
11月   最高气温：[23, 24, 22, 18, 15, 11, 10, 15, 15, 13, 13, 17, 16, 15, 14, 13, 12, 9, 10, 14, 12, 15, 17, 14, 15, 18, 16, 16, 15, 15],最低气温：[13, 13, 14, 15, 10, 10, 9, 8, 10, 11, 11, 12, 11, 12, 12, 11, 9, 8, 7, 10, 9, 8, 7, 9, 8, 9, 11, 8, 12, 13]
12月   最高气温：[14, 15, 15, 13, 12, 11, 9, 8, 7, 8, 11, 8, 11, 11, 10, 12, 13, 11, 8, 13, 11, 11, 12, 11, 10, 8, 10, 8, 7, 5, 7],最低气温：[11, 11, 10, 10, 10, 8, 5, 6, 4, 5, 6, 5, 7, 8, 6, 5, 5, 6, 5, 4, 9, 9, 8, 8, 8, 6, 8, 3, 3, 3, 2]

2019
01月   最高气温：[6, 7, 7, 8, 9, 8, 9, 9, 9, 7, 10, 4, 10, 10, 8, 10, 12, 11, 9, 9, 11, 13, 14, 12, 11, 12, 10, 11, 10, 11, 11],最低气温：[3, 2, 4, 6, 4, 6, 7, 7, 6, 5, 4, 1, 6, 7, 6, 5, 6, 6, 7, 7, 6, 4, 6, 8, 9, 9, 8, 8, 8, 9, 6]
02月   最高气温：[10, 11, 13, 15, 16, 17, 18, 14, 11, 8, 10, 11, 11, 12, 14, 10, 9, 11, 9, 13, 12, 12, 10, 11, 13, 14, 11, 13],最低气温：[7, 6, 9, 8, 8, 8, 9, 10, 7, 5, 4, 7, 7, 10, 10, 9, 7, 8, 7, 10, 9, 8, 8, 8, 8, 11, 9, 10]
03月   最高气温：[12, 14, 17, 18, 15, 15, 11, 11, 15, 17, 19, 17, 17, 17, 14, 15, 17, 21, 20, 25, 20, 14, 11, 13, 18, 20, 20, 25, 26, 23, 15],最低气温：[10, 10, 8, 8, 10, 11, 9, 8, 9, 8, 11, 11, 13, 11, 12, 11, 11, 8, 11, 15, 13, 10, 9, 9, 8, 14, 16, 15, 14, 15, 13]
04月   最高气温：[17, 19, 20, 18, 24, 30, 32, 31, 29, 23, 26, 28, 27, 23, 21, 23, 28, 25, 26, 22, 27, 27, 30, 33, 32, 35, 36, 27, 21, 25],最低气温：[12, 14, 14, 12, 12, 14, 16, 17, 20, 13, 17, 17, 19, 16, 16, 13, 15, 20, 20, 16, 18, 19, 20, 22, 22, 24, 26, 17, 18, 18]
05月   最高气温：[29, 21, 24, 24, 22, 19, 19, 20, 23, 25, 28, 24, 25, 24, 26, 27, 31, 27, 24, 20, 23, 25, 30, 25, 26, 28, 26, 22, 22, 22, 28],最低气温：[18, 17, 18, 19, 20, 17, 16, 16, 15, 17, 19, 21, 20, 19, 20, 22, 22, 23, 17, 17, 18, 16, 19, 21, 20, 21, 18, 18, 16, 18, 18]
06月   最高气温：[29, 32, 34, 34, 31, 33, 30, 26, 28, 26, 26, 27, 29, 32, 27, 23, 24, 26, 30, 29, 29, 26, 26, 27, 27, 28, 27, 24, 27, 29],最低气温：[19, 20, 23, 23, 24, 22, 22, 22, 23, 22, 22, 22, 21, 23, 21, 21, 21, 22, 24, 24, 25, 22, 22, 23, 23, 23, 23, 22, 21, 24]
07月   最高气温：[33, 36, 34, 26, 27, 30, 26, 24, 28, 30, 30, 27, 30, 31, 29, 29, 30, 27, 28, 30, 32, 33, 30, 30, 31, 37, 38, 37, 37, 32, 30],最低气温：[24, 25, 24, 22, 21, 23, 23, 20, 22, 22, 24, 23, 23, 23, 24, 24, 24, 24, 24, 25, 26, 26, 24, 24, 25, 26, 28, 29, 23, 27, 24]
08月   最高气温：[30, 35, 34, 32, 33, 32, 30, 32, 30, 33, 37, 37, 38, 35, 35, 36, 37, 39, 39, 39, 37, 37, 36, 37, 38, 38, 34, 29, 29, 28, 26],最低气温：[23, 25, 23, 26, 25, 24, 24, 25, 25, 25, 27, 26, 26, 26, 26, 25, 26, 28, 30, 30, 28, 27, 28, 27, 29, 29, 28, 25, 24, 22, 21]
09月   最高气温：[27, 29, 33, 34, 30, 32, 31, 26, 26, 30, 34, 34, 36, 27, 25, 23, 24, 24, 25, 20, 26, 26, 29, 24, 22, 27, 27, 29, 31, 29],最低气温：[22, 22, 23, 25, 26, 22, 23, 24, 23, 24, 26, 26, 21, 19, 18, 18, 21, 19, 19, 17, 16, 18, 18, 17, 18, 17, 18, 19, 20, 22]
10月   最高气温：[27, 28, 28, 25, 24, 28, 22, 21, 25, 23, 18, 22, 23, 21, 20, 19, 19, 24, 25, 19, 20, 19, 22, 20, 16, 15, 15, 20, 23, 21, 22],最低气温：[23, 22, 22, 22, 20, 21, 19, 18, 17, 18, 17, 18, 18, 18, 15, 16, 15, 14, 14, 18, 16, 16, 16, 16, 13, 13, 12, 13, 13, 14, 15]
11月   最高气温：[20, 17, 22, 21, 18, 15, 19, 19, 19, 17, 19, 17, 15, 19, 18, 16, 14, 11, 12, 12, 16, 14, 13, 13, 11, 11, 12, 10, 12, 9],最低气温：[16, 14, 14, 15, 15, 13, 12, 14, 16, 14, 16, 15, 12, 13, 10, 14, 12, 9, 9, 10, 11, 11, 12, 8, 8, 9, 9, 9, 9, 8]
12月   最高气温：[9, 12, 11, 10, 11, 15, 13, 13, 14, 15, 13, 12, 15, 14, 13, 14, 12, 10, 9, 10, 11, 11, 12, 12, 10, 9, 7, 8, 11, 12, 10],最低气温：[7, 7, 6, 8, 8, 7, 6, 8, 8, 9, 9, 9, 10, 9, 10, 11, 8, 9, 6, 7, 8, 7, 8, 8, 9, 7, 4, 6, 4, 8, 8]

2020
01月   最高气温：[11, 13, 12, 11, 12, 10, 12, 11, 11, 9, 11, 13, 13, 10, 9, 10, 11, 11, 11, 10, 11, 13, 12, 11, 9, 12, 11, 12, 15, 13, 11],最低气温：[7, 9, 8, 9, 8, 8, 6, 8, 8, 7, 7, 3, 8, 6, 7, 6, 7, 7, 5, 6, 8, 9, 9, 8, 6, 7, 7, 6, 6, 4, 8]
02月   最高气温：[10, 9, 10, 14, 10, 9, 12, 11, 13, 12, 14, 15, 18, 14, 12, 10, 12, 12, 14, 11, 14, 14, 13, 13, 17, 14, 14, 13, 18],最低气温：[7, 7, 8, 7, 6, 8, 8, 8, 10, 10, 10, 9, 12, 9, 3, 3, 2, 7, 9, 7, 9, 10, 10, 10, 12, 12, 11, 10, 10]
03月   最高气温：[17, 12, 17, 13, 14, 14, 17, 15, 18, 18, 14, 17, 17, 17, 19, 16, 18, 20, 24, 27, 27, 25, 23, 26, 27, 28, 23, 16, 14, 19, 20],最低气温：[11, 10, 10, 9, 9, 10, 11, 11, 12, 10, 12, 10, 11, 12, 12, 14, 12, 10, 13, 12, 17, 18, 15, 18, 17, 18, 12, 11, 11, 12, 11]
04月   最高气温：[19, 16, 18, 17, 15, 16, 19, 21, 26, 20, 17, 24, 21, 23, 27, 25, 23, 20, 24, 18, 18, 14, 13, 16, 20, 24, 28, 31, 29, 25],最低气温：[12, 13, 15, 12, 12, 11, 13, 15, 15, 14, 14, 13, 15, 13, 13, 19, 19, 17, 15, 16, 14, 11, 11, 10, 13, 12, 15, 18, 18, 19]
05月   最高气温：[28, 32, 34, 30, 33, 32, 31, 28, 23, 26, 26, 27, 24, 24, 31, 28, 32, 33, 34, 30, 28, 31, 33, 27, 22, 23, 23, 26, 29, 31, 25],最低气温：[19, 18, 22, 23, 23, 23, 22, 21, 19, 17, 20, 18, 17, 18, 19, 20, 22, 22, 22, 24, 21, 21, 23, 17, 18, 18, 18, 19, 21, 17, 21]
06月   最高气温：[31, 25, 26, 30, 33, 32, 28, 25, 25, 27, 28, 29, 31, 29, 34, 36, 30, 30, 33, 28, 26, 25, 29, 29, 32, 36, 30, 29, 30, 30],最低气温：[20, 17, 17, 18, 20, 22, 22, 22, 21, 21, 24, 23, 24, 24, 24, 28, 21, 23, 24, 22, 22, 22, 24, 22, 22, 25, 21, 22, 24, 27]
07月   最高气温：[26, 26, 30, 27, 28, 27, 28, 28, 28, 31, 28, 25, 27, 32, 30, 27, 26, 30, 29, 30, 29, 29, 34, 36, 33, 29, 32, 34, 36, 30, 28],最低气温：[21, 22, 24, 25, 24, 23, 24, 24, 24, 24, 24, 23, 23, 25, 25, 24, 23, 24, 23, 25, 24, 24, 25, 26, 26, 21, 21, 25, 26, 23, 23]
08月   最高气温：[33, 34, 34, 37, 38, 38, 38, 32, 33, 36, 37, 35, 32, 33, 37, 37, 34, 28, 28, 32, 34, 36, 36, 33, 33, 34, 37, 38, 38, 39, 33],最低气温：[25, 26, 26, 27, 29, 29, 30, 27, 27, 28, 28, 30, 25, 25, 27, 31, 28, 21, 21, 23, 25, 27, 27, 23, 23, 24, 25, 26, 27, 29, 25]
09月   最高气温：[35, 29, 29, 29, 28, 27, 31, 33, 31, 28, 28, 25, 22, 22, 23, 23, 18, 27, 30, 27, 20, 20, 21, 27, 20, 22, 23, 22, 23, 27],最低气温：[26, 26, 23, 23, 22, 23, 22, 26, 24, 23, 23, 20, 20, 20, 21, 21, 18, 19, 22, 23, 18, 18, 17, 20, 19, 18, 20, 18, 18, 20]
10月   最高气温：[22, 20, 20, 19, 17, 15, 19, 18, 17, 20, 19, 18, 20, 19, 17, 16, 17, 18, 19, 17, 19, 22, 21, 23, 21, 20, 18, 18, 17, 17, 17],最低气温：[20, 19, 17, 16, 15, 12, 16, 16, 17, 18, 17, 17, 17, 15, 14, 14, 14, 15, 15, 13, 12, 13, 14, 17, 17, 17, 16, 14, 16, 16, 16]
11月   最高气温：[16, 16, 18, 18, 18, 20, 22, 21, 23, 25, 25, 23, 25, 24, 24, 23, 25, 21, 22, 18, 16, 9, 10, 12, 12, 13, 13, 11, 13, 12],最低气温：[15, 14, 14, 15, 15, 14, 13, 15, 12, 14, 13, 13, 13, 13, 15, 14, 16, 15, 16, 10, 8, 8, 9, 8, 10, 11, 10, 8, 9, 10]
12月   最高气温：[12, 11, 10, 9, 8, 10, 10, 13, 10, 11, 11, 11, 10, 8, 8, 8, 8, 7, 7, 10, 11, 8, 10, 12, 9, 12, 13, 9, 7, 7, 7],最低气温：[9, 9, 9, 8, 0, 9, 8, 9, 9, 10, 9, 10, 6, 6, 6, 7, 6, 5, 4, 4, 5, 6, 6, 6, 8, 7, 6, 6, 5, 5, 4]

2021
01月   最高气温：[10, 7, 10, 8, 10, 9, 6, 6, 4, 5, 9, 12, 13, 13, 12, 7, 5, 6, 9, 10, 9, 15, 13, 10, 12, 10, 9, 11, 13, 14, 12],最低气温：[5, 6, 7, 7, 7, 5, 3, 4, 3, 2, 0, 1, 2, 3, 6, 4, 0, 2, 5, 0, 6, 6, 9, 8, 8, 8, 8, 8, 0, 9, 8]
02月   最高气温：[15, 11, 12, 12, 13, 11, 17, 16, 12, 19, 20, 22, 16, 20, 14, 15, 18, 18, 19, 21, 23, 24, 23, 26, 17, 11, 12, 10],最低气温：[8, 8, 8, 9, 6, 7, 11, 10, 0, 9, 10, 10, 10, 12, 11, 9, 11, 11, 11, 10, 11, 15, 16, 16, 9, 10, 10, 8]
03月   最高气温：[16, 11, 15, 18, 19, 15, 14, 15, 17, 15, 20, 20, 25, 24, 26, 18, 24, 23, 18, 13, 10, 13, 18, 23, 20, 14, 23, 27, 25, 23, 22],最低气温：[9, 9, 8, 11, 12, 11, 12, 12, 13, 11, 13, 14, 14, 16, 16, 17, 17, 18, 12, 9, 9, 10, 9, 14, 15, 12, 12, 16, 17, 16, 19]
04月   最高气温：[16, 14, 17, 17, 18, 16, 16, 22, 20, 17, 19, 21, 21, 21, 19, 18, 17, 16, 20, 20, 23, 27, 24, 18, 19, 23, 27, 23, 22, 32],最低气温：[15, 12, 13, 15, 15, 14, 14, 14, 14, 14, 15, 15, 17, 17, 15, 16, 15, 14, 16, 16, 14, 16, 20, 17, 16, 15, 18, 15, 16, 18]
05月   最高气温：[36, 36, 27, 26, 19, 20, 26, 28, 33, 28, 20, 29, 21, 30, 27, 27, 25, 26, 24, 27, 23, 23, 18, 22, 21, 23, 27, 25, 23, 25, 31],最低气温：[17, 22, 20, 17, 15, 15, 17, 18, 21, 21, 12, 21, 19, 21, 21, 18, 18, 18, 21, 21, 22, 20, 15, 16, 17, 18, 19, 20, 20, 18, 22]
06月   最高气温：[32, 27, 23, 28, 32, 34, 30, 26, 21, 26, 30, 32, 34, 35, 34, 34, 26, 21, 21, 26, 30, 32, 34, 28, 23, 32, 24, 26, 30, 31],最低气温：[23, 23, 17, 16, 21, 22, 22, 22, 19, 21, 22, 24, 25, 26, 25, 22, 22, 18, 19, 21, 23, 23, 25, 25, 22, 24, 23, 22, 25, 23]
07月   最高气温：[25, 26, 30, 26, 29, 25, 32, 24, 31, 33, 25, 30, 35, 36, 35, 24, 31, 32, 32, 35, 36, 34, 37, 34, 35, 37, 33, 35, 36, 38, 37],最低气温：[23, 23, 23, 23, 25, 23, 16, 24, 26, 24, 23, 24, 26, 27, 27, 23, 23, 24, 24, 25, 25, 24, 27, 25, 27, 27, 24, 26, 27, 28, 25]
08月   最高气温：[37, 39, 39, 40, 37, 36, 29, 27, 30, 30, 24, 31, 24, 23, 28, 27, 35, 36, 35, 36, 36, 32, 23, 30, 26, 21, 23, 20, 22, 31, 29],最低气温：[25, 26, 27, 30, 24, 28, 26, 24, 27, 24, 23, 22, 21, 21, 23, 16, 25, 27, 26, 28, 29, 23, 21, 24, 18, 19, 17, 19, 19, 22, 22]
09月   最高气温：[31, 34, 34, 32, 30, 25, 30, 27, 24, 30, 26, 26, 31, 32, 29, 23, 25, 18, 27, 30, 33, 34, 34, 35, 34, 34, 25, 24, 29, 32],最低气温：[25, 24, 26, 21, 23, 15, 21, 21, 21, 20, 21, 21, 22, 24, 21, 21, 20, 17, 18, 18, 21, 24, 25, 23, 25, 20, 21, 18, 19, 21]
10月   最高气温：[32, 35, 35, 35, 30, 27, 18, 23, 26, 20, 20, 20, 20, 19, 16, 14, 15, 16, 15, 15, 16, 17, 14, 22, 18, 16, 19, 18, 18, 18, 18],最低气温：[23, 24, 26, 25, 22, 19, 17, 17, 17, 14, 15, 15, 15, 14, 14, 12, 13, 12, 13, 14, 13, 11, 8, 14, 15, 14, 15, 14, 13, 12, 15]
11月   最高气温：[17, 16, 15, 17, 21, 23, 8, 11, 11, 15, 9, 12, 14, 18, 12, 11, 12, 12, 11, 11, 11, 10, 13, 13, 16, 16, 14, 15, 10, 15],最低气温：[13, 14, 13, 14, 14, 8, 0, 7, 5, 7, 7, 7, 6, 5, 8, 6, 7, 7, 10, 10, 7, 7, 7, 6, 6, 8, 11, 11, 5, 6]
12月   最高气温：[15, 16, 16, 12, 17, 14, 14, 11, 13, 12, 10, 10, 15, 12, 11, 12, 11, 7, 11, 11, 13, 15, 9, 12, 10, 5, 3, 5, 8, 6, 8],最低气温：[7, 5, 8, 8, 8, 11, 11, 9, 9, 9, 8, 8, 9, 10, 8, 7, 3, 6, 6, 6, 5, 6, 7, 2, 5, 3, 2, 4, 4, 5, 4]

